100:
Bilding tree:
918, 904, 939, 917, 911, 915, 917, 925, 917, 919
Software:
145, 146, 145, 141, 148, 141, 144, 142, 145, 147
Hardware:
1268, 1263, 1253, 1263, 1263, 1262, 1263, 1254, 1262, 1253

All measurements in microseconds

1000:
Bilding tree:
1388, 1370, 1379, 1379, 1376, 1367, 1375, 1382, 1380, 1379
Software:
1277, 1276, 1232, 1232, 1279, 1233, 1251, 1236, 1277, 1232
Hardware:
4516, 4521, 4517, 4516, 4516, 4532, 4518, 12790, 4516, 4533

All measurements in microseconds

10000:
Bilding tree:
7.25, 17.31, 7.30, 17.29, 7.28, 7.26, 7.25, 17.28, 37.30, 11.90
Software:
27.46, 22.22, 32.23, 52.15, 42.23, 22.19, 67.76, 17.52, 32.18, 22.26
Hardware:
39.14, 49.15, 77.81, 39.16, 39.73, 40.47, 39.48, 39.14, 69.15, 39.13

All measurements in miliseconds